0.999978
0.981347
0.999978
0.981107
0.999978
0.980866
0.999978
0.980495
0.999978
0.980255
0.999978
0.980036
0.999978
0.979643
0.999978
0.979294
0.999978
0.978879
0.999978
0.978464
0.999978
0.978202
0.999956
0.977808
0.999956
0.977415
0.999956
0.976891
0.999956
0.97652
0.999956
0.976039
0.999956
0.975559
0.999956
0.975165
0.999956
0.974641
0.999956
0.974008
0.999956
0.97344
0.999956
0.972719
0.999956
0.972217
0.999956
0.971649
0.999913
0.970688
0.999869
0.969683
0.999148
0.957998
0.998056
0.946115
0.997029
0.934364
0.996221
0.922264
0.99515
0.910578
0.993359
0.89815
0.992004
0.885329
0.990628
0.871896
0.989011
0.858703
0.986914
0.845248
0.984708
0.83151
0.982436
0.816766
0.979705
0.802481
0.976625
0.788328
0.973632
0.773999
0.969853
0.759824
0.965505
0.743573
0.961354
0.728917
0.95716
0.713693
0.952769
0.697639
0.946958
0.681629
0.940055
0.66516
0.933151
0.648428
0.925287
0.630998
0.916505
0.612389
0.90746
0.593889
0.897433
0.574121
0.886969
0.55383
0.8755
0.534958
0.862108
0.516589
0.846947
0.496582
0.831196
0.476858
0.81479
0.45779
0.798034
0.437826
0.780885
0.416989
0.760786
0.397025
0.738919
0.377651
0.71834
0.355809
0.695008
0.334513
0.669776
0.31444
0.644085
0.293209
0.617761
0.27152
0.589361
0.250901
0.562075
0.23109
0.533588
0.210733
0.504446
0.19125
0.475238
0.169976
0.446838
0.150099
0.416166
0.129742
0.387176
0.110303
0.370421
0.104821
0.35408
0.0993819
0.336756
0.0935937
0.319891
0.0881768
0.302698
0.0836773
0.285811
0.078195
0.269645
0.0731057
0.253086
0.0680384
0.237575
0.0629273
0.222283
0.0581002
0.207209
0.0537754
0.192419
0.0498438
0.177586
0.0459341
0.163233
0.0426359
0.150147
0.0395125
0.13846
0.0369788
0.128017
0.0347509
0.11834
0.0320861
0.11041
0.0300985
0.103616
0.0279143
0.0967996
0.0267348
0.0879519
0.0249656
0.0787329
0.0229561
0.0761551
0.0218203