0.999947
0.980354
0.999947
0.980027
0.999937
0.979668
0.999937
0.979329
0.999937
0.979044
0.999937
0.978706
0.999937
0.978325
0.999937
0.97786
0.999937
0.97748
0.999937
0.9771
0.999937
0.976698
0.999937
0.976212
0.999937
0.975726
0.999937
0.975208
0.999937
0.974796
0.999937
0.974257
0.999937
0.973876
0.999937
0.973401
0.999937
0.972724
0.999937
0.972228
0.999937
0.97153
0.999937
0.970886
0.999937
0.970241
0.999937
0.969565
0.999937
0.968656
0.999905
0.967345
0.998985
0.95534
0.997981
0.94324
0.996977
0.931087
0.995889
0.918702
0.994568
0.906221
0.993299
0.893614
0.991651
0.881461
0.990181
0.868103
0.988575
0.854767
0.986725
0.841536
0.984897
0.828199
0.982582
0.814767
0.98049
0.800258
0.978027
0.785558
0.974878
0.771355
0.972056
0.756761
0.96842
0.742579
0.964605
0.728576
0.960092
0.712767
0.954881
0.696567
0.949914
0.68044
0.943646
0.663384
0.937295
0.64583
0.930097
0.628341
0.922403
0.609984
0.913863
0.590952
0.904129
0.573177
0.893624
0.554134
0.882516
0.535016
0.870763
0.515255
0.858419
0.495461
0.8447
0.475816
0.82928
0.456476
0.812243
0.437592
0.794688
0.418623
0.77614
0.399019
0.757877
0.378697
0.737489
0.358449
0.71615
0.337525
0.692909
0.316929
0.669277
0.297103
0.645169
0.277648
0.619614
0.257453
0.595242
0.236486
0.568397
0.216566
0.541256
0.196012
0.514464
0.176578
0.486456
0.156139
0.458332
0.13679
0.429965
0.118285
0.414703
0.112304
0.398734
0.10683
0.382183
0.101356
0.365769
0.0961882
0.348563
0.0905555
0.330955
0.0855675
0.313115
0.0802942
0.296395
0.0756866
0.279664
0.0706775
0.263652
0.0663024
0.24726
0.0624874
0.231206
0.0587359
0.216156
0.0547201
0.200831
0.0512433
0.186457
0.0478933
0.173161
0.0445327
0.16087
0.0420704
0.150491
0.0395236
0.140715
0.0375791
0.132334
0.0356241
0.125041
0.0341235
0.115318
0.0323903
0.105034
0.0303402
0.101958
0.0287022