0.999832
0.980585
0.999832
0.980291
0.999832
0.979865
0.999825
0.979369
0.999825
0.978921
0.999818
0.978467
0.999811
0.978131
0.999811
0.977775
0.999804
0.977411
0.999804
0.977054
0.999797
0.976523
0.999797
0.97609
0.999783
0.975635
0.999783
0.975153
0.999776
0.974642
0.999776
0.974146
0.999776
0.973657
0.999776
0.973139
0.999776
0.972573
0.999776
0.972105
0.999776
0.971489
0.999776
0.970825
0.999776
0.970133
0.999755
0.969441
0.999734
0.968553
0.999685
0.967329
0.998553
0.954228
0.997623
0.941867
0.99649
0.929262
0.995239
0.916328
0.993987
0.903072
0.992679
0.889684
0.991414
0.876624
0.98996
0.863109
0.9884
0.849973
0.986687
0.836661
0.984562
0.823315
0.982436
0.80971
0.980038
0.796244
0.977262
0.782262
0.974445
0.767754
0.971221
0.752541
0.967725
0.738174
0.964132
0.722933
0.959524
0.707916
0.954986
0.69236
0.949791
0.676119
0.944226
0.658655
0.937849
0.64154
0.93099
0.623887
0.923565
0.605968
0.915524
0.587727
0.906323
0.569221
0.896429
0.55096
0.885899
0.531846
0.874111
0.513109
0.861218
0.49354
0.848094
0.473706
0.833894
0.45434
0.818638
0.434414
0.802165
0.414929
0.784762
0.395382
0.766282
0.376288
0.746139
0.356538
0.724974
0.336906
0.702978
0.316638
0.679758
0.296811
0.656538
0.276843
0.63108
0.256233
0.606161
0.236398
0.580452
0.216431
0.554309
0.196569
0.52744
0.177
0.500297
0.157732
0.47312
0.138009
0.445635
0.119762
0.431357
0.113987
0.416199
0.108184
0.400628
0.102885
0.385246
0.097711
0.369486
0.0925374
0.353524
0.0874967
0.336729
0.0824349
0.320375
0.0780234
0.303804
0.0736398
0.287227
0.0692353
0.271586
0.0652292
0.256022
0.0614609
0.241402
0.0578813
0.226376
0.0543927
0.212078
0.0512885
0.198583
0.048485
0.186292
0.0459751
0.175273
0.0434442
0.165428
0.0413398
0.156045
0.0394801
0.148808
0.0379001
0.138383
0.0362501
0.126959
0.0346841
0.123197
0.0328314