0.999759
0.979956
0.999749
0.979582
0.999744
0.979197
0.999733
0.978741
0.999713
0.978387
0.999708
0.978012
0.999708
0.977561
0.999697
0.977161
0.999692
0.976643
0.999692
0.976238
0.999692
0.975622
0.999692
0.975058
0.999692
0.974637
0.999687
0.974099
0.999672
0.973545
0.999667
0.973006
0.999667
0.972452
0.999656
0.971822
0.999651
0.971206
0.999651
0.970545
0.999651
0.969857
0.999646
0.969221
0.999646
0.96857
0.999641
0.967749
0.99961
0.9666
0.999518
0.9654
0.998215
0.952998
0.99701
0.940504
0.99582
0.927231
0.994435
0.914485
0.993106
0.901335
0.991772
0.888158
0.990095
0.875433
0.988444
0.862114
0.986735
0.848506
0.984822
0.835258
0.982673
0.821477
0.980375
0.807695
0.978041
0.79394
0.975477
0.78003
0.972245
0.765469
0.96889
0.75038
0.965161
0.735393
0.961053
0.72017
0.956575
0.705029
0.952071
0.688401
0.946737
0.672179
0.940792
0.655166
0.93437
0.638369
0.927332
0.62034
0.919602
0.60223
0.911354
0.585007
0.901834
0.566676
0.892047
0.548381
0.880999
0.530338
0.869873
0.511822
0.857414
0.492625
0.843908
0.473494
0.829782
0.454583
0.814097
0.435401
0.797631
0.416147
0.779997
0.396893
0.761233
0.376726
0.741947
0.356733
0.72107
0.337361
0.699727
0.317343
0.677378
0.297756
0.654753
0.278332
0.628978
0.258432
0.60487
0.238614
0.580198
0.21937
0.55433
0.199921
0.528432
0.180882
0.502319
0.162582
0.475297
0.143826
0.448347
0.124992
0.43517
0.119084
0.421957
0.113288
0.407533
0.107877
0.392678
0.102174
0.377916
0.0971268
0.363154
0.0922132
0.348058
0.0869048
0.33228
0.0821246
0.317123
0.077883
0.301565
0.0737798
0.286285
0.0696254
0.271359
0.0658556
0.256253
0.0625372
0.241932
0.059229
0.227872
0.0560747
0.214792
0.0532435
0.202733
0.0506227
0.191628
0.0483095
0.181672
0.0463913
0.172829
0.0446782
0.164899
0.0431088
0.154266
0.041211
0.142386
0.0393595
0.139021
0.0376208